====================   K is 5 ,  Object Funcion Value is 2623.0425720214844 ,  calc_distance_type is 1   ====================
====================   classification 1   ====================
438.52716 377.4153
370.1739 367.45618
445.1635 430.7873
488.8957 263.58127
423.23358 423.99844
357.84927 377.67612
324.54034 265.82184
449.59253 349.77905
491.96524 280.8701

centroid is 421.1046 348.5984

====================   classification 2   ====================
309.00742 355.0816
156.98302 280.15405
285.01434 333.0298
256.49542 476.32355
292.58307 411.90378
264.77756 305.30908
171.38394 376.6253
180.73357 413.2375
257.2292 239.96065
187.12779 404.117

centroid is 236.13351 359.57422

====================   classification 3   ====================
68.116486 242.73312
123.88292 441.2936
120.48119 381.4346
94.545006 278.43576
23.923456 492.5747
29.363514 238.41023
129.86671 389.7326
67.927536 472.5483
31.183064 445.90408
36.314728 268.1134

centroid is 72.56046 365.11807

====================   classification 4   ====================
158.45808 183.6327
156.83305 43.799282
64.44919 46.177895
88.0805 141.99988
14.292299 125.80058
127.68409 51.633865
117.43134 146.00644
128.21156 174.45508
124.23515 142.69885
38.039566 18.4789
184.02069 85.65137

centroid is 109.24869 105.484985

====================   classification 5   ====================
260.59955 192.8791
430.8979 172.57596
352.76935 87.146935
261.4666 172.43996
395.58832 143.5675
419.05237 195.70657
443.85202 134.77698
430.9781 151.1535
369.886 25.239647
483.16315 65.48708

centroid is 384.82532 134.09732

