====================   K is 5 ,  Object Funcion Value is 2551.243118286133 ,  calc_distance_type is 1   ====================
====================   classification 1   ====================
352.48746 20.452171
396.81412 111.834915
458.6129 55.534573
485.55182 147.09676
375.47095 12.897849
362.5641 49.00542

centroid is 405.25024 66.13695

====================   classification 2   ====================
453.04944 477.7083
396.06146 375.06332
479.04767 384.8728
490.74515 185.97153
448.58997 438.99548
412.17404 315.90692
470.2905 228.50838

centroid is 449.99405 343.86093

====================   classification 3   ====================
374.62424 262.662
328.06827 312.4792
183.28986 236.19795
331.3611 263.57446
263.295 101.55532
284.7038 145.21495
319.1171 116.48095
263.03363 287.63593
308.41068 183.06577
415.38202 221.35368
326.33 204.55095
248.11325 323.55432

centroid is 303.81076 221.52715

====================   classification 4   ====================
69.29285 58.354347
134.58786 39.518654
0.2731681 35.055458
80.4683 71.81907
64.06873 222.55453
225.64291 91.86694
125.55358 151.28726
89.09014 38.172543
111.55552 121.468605
122.52128 80.65432
35.07757 84.08725
35.123528 36.651165

centroid is 91.10462 85.95751

====================   classification 5   ====================
34.332485 381.3789
44.137806 493.873
216.41309 324.1604
36.905468 310.9626
227.65326 343.35175
127.167465 418.17093
69.53433 359.93198
115.73613 283.4436
62.11099 350.7489
198.94987 404.07346
59.126705 249.74722
245.05812 370.51657
144.65297 441.31958

centroid is 121.675285 363.97528

